batch_size: 67
lr: 7.429105354818622e-06
module__dropout: 0.41095758610670097
module__h_layers: 1
module__h_size: 2765
